image_width: 640
image_height: 480
camera_name: ir_camera
camera_matrix:
  rows: 3
  cols: 3
  data: [577.06197,   0.     , 322.05405,
           0.     , 577.14878, 246.10348,
           0.     ,   0.     ,   1.     ]
distortion_model: plumb_bob
distortion_coefficients:
  rows: 1
  cols: 5
  data: [-0.085682, 0.181869, 0.000475, 0.001509, 0.000000]
rectification_matrix:
  rows: 3
  cols: 3
  data: [1., 0., 0.,
         0., 1., 0.,
         0., 0., 1.]
projection_matrix:
  rows: 3
  cols: 4
  data: [576.7951 ,   0.     , 322.33719,   0.     ,
           0.     , 577.04602, 245.63661,   0.     ,
           0.     ,   0.     ,   1.     ,   0.     ]
